Matriz A
0 3 1
4 2 0
3 1 4
Matriz B
0 3 0
2 5 2
4 1 4
Matriz C
10 16 10
4 22 4
18 18 18

Matriz A
0 1 2 3 0
2 3 0 1 2
0 1 2 3 0
2 3 0 1 2
0 1 2 3 0
Matriz B
0 2 4 6 1
1 3 5 0 2
2 4 6 1 3
3 5 0 2 4
4 6 1 3 5
Matriz C
14 26 17 8 20
14 30 25 20 22
14 26 17 8 20
14 30 25 20 22
14 26 17 8 20

Matriz A
0 2 4 1 3 0 2 4 1
2 4 1 3 0 2 4 1 3
4 1 3 0 2 4 1 3 0
1 3 0 2 4 1 3 0 2
3 0 2 4 1 3 0 2 4
0 2 4 1 3 0 2 4 1
2 4 1 3 0 2 4 1 3
4 1 3 0 2 4 1 3 0
1 3 0 2 4 1 3 0 2
Matriz B
0 2 4 6 0 2 4 6 0
1 3 5 7 1 3 5 7 1
2 4 6 0 2 4 6 0 2
3 5 7 1 3 5 7 1 3
4 6 0 2 4 6 0 2 4
5 7 1 3 5 7 1 3 5
6 0 2 4 6 0 2 4 6
7 1 3 5 7 1 3 5 7
0 2 4 6 0 2 4 6 0
Matriz C
65 51 61 55 65 51 61 55 65
56 56 80 88 56 56 80 88 56
62 66 54 66 62 66 54 66 62
48 56 48 64 48 56 48 64 48
49 71 77 67 49 71 77 67 49
65 51 61 55 65 51 61 55 65
56 56 80 88 56 56 80 88 56
62 66 54 66 62 66 54 66 62
48 56 48 64 48 56 48 64 48

Matriz A
0 1 0 1 0 1
1 0 1 0 1 0
0 1 0 1 0 1
1 0 1 0 1 0
0 1 0 1 0 1
1 0 1 0 1 0
Matriz B
0 2 4 1 3 0
1 3 0 2 4 1
2 4 1 3 0 2
3 0 2 4 1 3
4 1 3 0 2 4
0 2 4 1 3 0
Matriz C
4 5 6 7 8 4
6 7 8 4 5 6
4 5 6 7 8 4
6 7 8 4 5 6
4 5 6 7 8 4
6 7 8 4 5 6

